13283
13660
8383
8351
8347
14298
14304
14064
14360
14238
8350
15322
8339
8338
8336
8333
8368
8340
8334
8337
8302
8381
13697
8374
14163
14298
8362
14360
8041
8350
8313
8345
8353
15322
15383
8032
13283
13660
8383
8351
8347
14298
14304
14064
14360
14238
8350
15322
8383
8377
8371
8369
8367
8366
8364
8363
8360
8359
8358
8357
8356
8352
8370
8351
8349
8348
8347
8354
8346
8344
8343
8341
13283
13660
8383
8351
8347
14298
14304
14064
14360
14238
8350
15322
8111
13623
13620
8331
8224
13150
13144
13692
8226
13283
8149
8391
8390
8388
8387
8386
8384
8380
8378
8372
8373
8375
8376
8379
13283
13660
8383
8351
8347
14298
14304
14064
14360
14238
8350
15322
7995
7507
7475
7835
7717
7559
7615
8101
8099
8161
8159
8163
8151
7702
8145
8143
8181
8209
8071
8075
8197
8109
8115
8119
13283
13660
8383
8351
8347
14298
14304
14064
14360
14238
8350
15322
7997
7989
7973
7977
7981
7983
7861
7875
7828
7853
7851
7849
7843
7839
7791
7789
7987
7765
7761
7709
7703
7673
7623
7627
13283
13660
8383
8351
8347
14298
14304
14064
14360
14238
8350
15322
7724
7770
13283
13660
8383
8351
8347
14298
14304
14064
14360
14238
8350
15322
7972
7980
7984
8186
8188
8190
8192
8194
8196
13283
13660
8383
8351
8347
14298
14304
14064
14360
14238
8350
15322
8050
8048
8054
8058
8066
8072
8076
8078
8092
8096
8098
8126
8144
8152
8142
8138
8086
8080
8090
8128
8130
